((("exit" .
   [1 0 0 0])
  ("signal" .
   [1 0 0 0 0 0])
  ("echo" .
   [1 0 0 0])
  ("document" .
   [0 0 0 0 1 0 0 0])
  ("not" .
   [1 0 0])
  ("filename" .
   [0 0 0 0 0 1 0 1])
  ("if" .
   [1 0])
  ("1024" .
   [1 0 0 0])
  ("float" .
   [2 0 0 0 0])
  ("system" .
   [0 0 0 1 0 0])
  ("final_size" .
   [0 0 0 1 0 0 0 0 0 0])
  ("init_size" .
   [0 0 0 1 1 0 0 0 0])
  ("minified_file" .
   [0 0 0 1 0 0 0 0 0 0 0 0 0])
  ("exec" .
   [0 0 0 2])
  ("minified_css" .
   [0 0 0 0 0 0 0 0 0 1 0 0])
  ("open" .
   [0 0 1 0])
  ("file" .
   [5 0 0 0])
  ("replace" .
   [1 0 0 0 6 1 2])
  ("file_contents" .
   [0 0 0 0 0 1 0 0 0 0 0 0 0])
  ("lambda" .
   [0 0 0 1 0 0])
  ("temp_path" .
   [1 0 0 1 4 1 0 0 0])
  ("in" .
   [2 0])
  ("for" .
   [1 0 0])
  ("split" .
   [3 0 0 0 0])
  ("read" .
   [1 0 0 1])
  ("type" .
   [0 0 1 0])
  ("print" .
   [5 0 0 2 1])
  ("str" .
   [1 0 0])
  ("path" .
   [9 0 1 0])
  ("func1" .
   [1 0 0 0 0])
  ("func2" .
   [1 0 0 0 0])
  ("obj" .
   [2 0 0])
  ("ClassName" .
   [0 0 0 2 0 0 0 0 0])
  ("void" .
   [7 0 0 1])
  ("public" .
   [3 0 0 4 2 3])
  ("interface" .
   [0 0 0 0 0 2 0 0 0])
  ("package" .
   [0 0 2 1 1 0 0])
  ("implements" .
   [0 0 0 1 1 1 0 0 0 0])
  ("Circle" .
   [0 0 0 1 0 0])
  ("class" .
   [1 0 0 1 0])
  ("import" .
   [0 0 0 1 0 0])
  ("System" .
   [0 0 2 1 0 0])
  ("out" .
   [1 0 2])
  ("private" .
   [0 0 0 0 1 0 0])
  ("println" .
   [0 0 0 0 1 2 0])
  ("int" .
   [1 0 0])
  ("return" .
   [1 0 0 0 0 0])
  ("static" .
   [0 0 0 2 0 0])
  ("Mammal" .
   [0 0 0 0 0 1])
  ("MammalInt" .
   [0 0 1 0 0 1 0 0 0])
  ("new" .
   [2 0 1])
  ("eat" .
   [1 0 0])
  ("travel" .
   [0 0 0 1 0 0])
  ("the" .
   [2 0 0])
  ("is" .
   [2 0])
  ("write" .
   [1 0 0 0 0])))
